omconsign_signed_list
Min:	3 days, 12:27:27
Max:	18 days, 13:52:18
Mean: 9 days, 4:01:43.268043
Std:	2 days, 16:58:03.976552
